#TAG	RANK	aus	ind	tej	trj
Chr10_00000	0	0.032	0.014	0.773	0.182
Chr10_00004	0	0.000	0.000	1.000	0.000
Chr10_00005	0	0.000	0.000	1.000	0.000
Chr10_00006	0	0.000	0.000	1.000	0.000
Chr10_00007	0	0.000	0.000	1.000	0.000
Chr10_00008	0	0.000	0.000	1.000	0.000
Chr10_00009	0	0.000	0.000	1.000	0.000
Chr10_00010	0	0.000	0.000	1.000	0.000
Chr10_00011	11	0.104	0.003	0.644	0.249
Chr10_00012	8	0.000	0.000	1.000	0.000
Chr10_00013	0	0.016	0.002	0.747	0.235
Chr10_00014	7	0.039	0.003	0.400	0.557
Chr10_00015	0	0.020	0.002	0.893	0.086
Chr10_00016	12	0.084	0.003	0.773	0.140
Chr10_00017	4	0.010	0.002	0.595	0.392
Chr10_00018	0	0.032	0.002	0.746	0.220
Chr10_00020	0	0.031	0.002	0.755	0.211
Chr10_00022	0	0.031	0.002	0.758	0.209
Chr10_00023	0	0.024	0.001	0.740	0.236
Chr10_00024	0	0.037	0.003	0.744	0.216
Chr10_00025	0	0.052	0.428	0.363	0.158
Chr10_00026	0	0.000	0.001	0.967	0.032
Chr10_00027	0	0.000	0.002	0.969	0.029
Chr10_00028	0	0.000	0.003	0.976	0.021
Chr10_00029	0	0.000	0.001	0.973	0.026
Chr10_00030	0	0.026	0.002	0.752	0.219
Chr10_00031	0	0.026	0.002	0.762	0.210
Chr10_00032	5	0.053	0.002	0.589	0.355
Chr10_00033	5	0.049	0.004	0.571	0.376
Chr10_00034	0	0.026	0.002	0.761	0.211
Chr10_00035	0	0.026	0.003	0.762	0.210
Chr10_00036	0	0.000	0.003	0.744	0.253
Chr10_00037	0	0.000	0.003	0.752	0.245
Chr10_00038	0	0.000	0.003	0.748	0.249
Chr10_00039	0	0.000	0.002	0.751	0.247
Chr10_00040	6	0.000	0.005	0.438	0.557
Chr10_00041	0	0.000	0.002	0.744	0.254
Chr10_00042	0	0.026	0.002	0.761	0.211
Chr10_00043	0	0.026	0.002	0.769	0.203
Chr10_00044	0	0.038	0.003	0.707	0.253
Chr10_00045	0	0.026	0.002	0.778	0.194
Chr10_00046	0	0.028	0.002	0.764	0.207
Chr10_00047	9	0.147	0.003	0.520	0.330
Chr10_00048	0	0.021	0.002	0.748	0.228
Chr10_00049	6	0.072	0.003	0.458	0.466
Chr10_00050	9	0.120	0.003	0.102	0.776
Chr10_00051	0	0.026	0.002	0.780	0.192
Chr10_00052	0	0.026	0.002	0.780	0.192
Chr10_00053	0	0.028	0.002	0.763	0.207
Chr10_00055	0	0.022	0.002	0.782	0.194
Chr10_00057	2	0.058	0.895	0.000	0.048
Chr10_00058	0	0.022	0.002	0.770	0.206
Chr10_00059	0	0.021	0.002	0.786	0.191
Chr10_00060	0	0.023	0.003	0.773	0.202
Chr10_00061	0	0.000	0.001	0.969	0.030
Chr10_00062	0	0.022	0.002	0.775	0.201
Chr10_00063	5	0.053	0.004	0.512	0.431
Chr10_00064	0	0.021	0.002	0.789	0.187
Chr10_00065	0	0.018	0.002	0.778	0.203
Chr10_00066	0	0.017	0.002	0.780	0.201
Chr10_00067	0	0.017	0.002	0.780	0.201
Chr10_00068	0	0.000	0.002	0.795	0.203
Chr10_00069	8	0.000	0.003	0.525	0.472
Chr10_00070	5	0.000	0.003	0.586	0.411
Chr10_00071	0	0.000	0.003	0.791	0.207
Chr10_00072	0	0.000	0.003	0.796	0.202
Chr10_00073	0	0.000	0.002	0.796	0.202
Chr10_00074	1	0.364	0.515	0.075	0.046
Chr10_00076	8	0.314	0.131	0.555	0.000
Chr10_00077	0	0.042	0.002	0.853	0.104
Chr10_00078	10	0.000	0.003	0.561	0.435
Chr10_00079	0	0.000	0.002	0.874	0.124
Chr10_00080	8	0.000	0.003	0.701	0.296
Chr10_00081	0	0.000	0.002	0.811	0.187
Chr10_00082	0	0.000	0.002	0.813	0.185
Chr10_00083	0	0.000	0.002	0.814	0.184
Chr10_00084	16	0.728	0.272	0.000	0.000
Chr10_00085	16	0.384	0.182	0.408	0.027
Chr10_00086	4	0.000	0.977	0.023	0.000
Chr10_00087	5	0.000	0.979	0.021	0.000
Chr10_00088	15	0.000	0.008	0.049	0.943
Chr10_00089	-	0	0	0	0
Chr10_00090	0	0.000	0.005	0.567	0.429
Chr10_00091	9	0.000	0.007	0.137	0.856
Chr10_00092	0	0.000	0.003	0.799	0.198
Chr10_00093	8	0.000	0.004	0.933	0.063
Chr10_00094	6	0.101	0.011	0.832	0.056
Chr10_00095	0	0.009	0.003	0.530	0.458
Chr10_00096	1	0.391	0.517	0.032	0.059
Chr10_00097	0	0.009	0.006	0.533	0.452
Chr10_00098	0	0.009	0.005	0.542	0.444
Chr10_00099	0	0.008	0.006	0.543	0.443
Chr10_00100	2	0.000	0.006	0.271	0.723
Chr10_00101	2	0.000	0.007	0.288	0.705
Chr10_00102	4	0.000	0.017	0.250	0.733
Chr10_00103	2	0.000	0.009	0.259	0.732
Chr10_00104	2	0.000	0.009	0.298	0.694
Chr10_00105	-	0	0	0	0
Chr10_00106	0	0.064	0.038	0.871	0.027
Chr10_00107	0	0.064	0.040	0.869	0.027
Chr10_00108	10	0.000	0.131	0.869	0.000
Chr10_00109	3	0.000	0.006	0.327	0.668
Chr10_00110	3	0.000	0.010	0.267	0.723
Chr10_00111	2	0.000	0.008	0.288	0.704
Chr10_00112	2	0.000	0.007	0.313	0.680
Chr10_00113	1	0.000	0.008	0.271	0.721
Chr10_00114	1	0.000	0.010	0.317	0.673
Chr10_00115	0	0.024	0.001	0.958	0.017
Chr10_00116	1	0.000	0.009	0.304	0.688
Chr10_00117	2	0.000	0.009	0.301	0.691
Chr10_00118	3	0.000	0.009	0.282	0.709
Chr10_00119	5	0.000	0.028	0.294	0.678
Chr10_00120	1	0.000	0.013	0.288	0.698
Chr10_00121	2	0.000	0.012	0.287	0.701
Chr10_00122	2	0.000	0.012	0.284	0.704
Chr10_00123	2	0.000	0.013	0.284	0.703
Chr10_00124	2	0.000	0.012	0.286	0.701
Chr10_00133	0	0.022	0.001	0.927	0.049
Chr10_00135	2	0.000	0.012	0.280	0.708
Chr10_00136	2	0.000	0.015	0.416	0.570
Chr10_00138	2	0.000	0.019	0.451	0.530
Chr10_00139	2	0.000	0.015	0.404	0.581
Chr10_00140	2	0.000	0.014	0.424	0.562
Chr10_00141	2	0.000	0.017	0.429	0.555
Chr10_00142	1	0.000	0.013	0.282	0.705
Chr10_00143	2	0.000	0.015	0.432	0.552
Chr10_00144	2	0.000	0.013	0.284	0.704
Chr10_00145	3	0.054	0.041	0.408	0.498
Chr10_00146	2	0.000	0.016	0.386	0.598
Chr10_00147	2	0.000	0.013	0.275	0.713
Chr10_00148	2	0.000	0.035	0.272	0.693
Chr10_00149	0	0.000	0.002	0.952	0.047
Chr10_00150	1	0.000	0.014	0.274	0.712
Chr10_00151	0	0.000	0.004	0.536	0.460
Chr10_00152	2	0.000	0.015	0.292	0.693
Chr10_00153	0	0.000	0.012	0.525	0.464
Chr10_00154	0	0.000	0.010	0.523	0.466
Chr10_00155	0	0.000	0.009	0.675	0.316
Chr10_00156	0	0.000	0.012	0.525	0.464
Chr10_00162	0	0.000	0.011	0.521	0.467
Chr10_00163	0	0.000	0.013	0.522	0.465
Chr10_00164	0	0.000	0.011	0.734	0.255
Chr10_00165	0	0.000	0.011	0.524	0.465
Chr10_00166	0	0.000	0.011	0.523	0.466
Chr10_00167	0	0.000	0.011	0.525	0.463
Chr10_00168	0	0.000	0.011	0.736	0.254
Chr10_00169	0	0.000	0.011	0.512	0.477
Chr10_00170	0	0.000	0.010	0.523	0.466
Chr10_00171	0	0.000	0.011	0.528	0.462
Chr10_00172	0	0.000	0.010	0.736	0.254
Chr10_00173	0	0.000	0.011	0.523	0.466
Chr10_00174	0	0.000	0.011	0.525	0.463
Chr10_00175	0	0.000	0.012	0.524	0.465
Chr10_00176	0	0.000	0.006	0.528	0.466
Chr10_00177	0	0.000	0.013	0.469	0.518
Chr10_00178	5	0.000	0.015	0.603	0.382
Chr10_00179	0	0.000	0.011	0.526	0.463
Chr10_00180	0	0.000	0.012	0.544	0.444
Chr10_00181	0	0.000	0.012	0.537	0.451
Chr10_00182	0	0.003	0.012	0.536	0.449
Chr10_00183	0	0.000	0.012	0.536	0.452
Chr10_00184	0	0.000	0.012	0.529	0.459
Chr10_00185	0	0.000	0.011	0.528	0.461
Chr10_00186	0	0.000	0.010	0.590	0.400
Chr10_00187	0	0.000	0.012	0.525	0.462
Chr10_00188	0	0.000	0.013	0.526	0.461
Chr10_00189	0	0.000	0.012	0.528	0.460
Chr10_00190	0	0.000	0.009	0.590	0.402
Chr10_00191	0	0.000	0.012	0.767	0.221
Chr10_00192	0	0.005	0.014	0.684	0.297
Chr10_00193	0	0.000	0.013	0.542	0.446
Chr10_00194	0	0.000	0.020	0.786	0.194
Chr10_00195	0	0.000	0.013	0.704	0.283
Chr10_00196	0	0.000	0.015	0.705	0.280
Chr10_00197	0	0.000	0.017	0.706	0.277
Chr10_00198	0	0.000	0.015	0.703	0.281
Chr10_00199	0	0.000	0.013	0.843	0.145
Chr10_00200	0	0.000	0.009	0.878	0.113
Chr10_00201	0	0.000	0.010	0.509	0.482
Chr10_00202	2	0.000	0.015	0.317	0.668
Chr10_00203	2	0.025	0.016	0.373	0.586
Chr10_00204	2	0.000	0.009	0.227	0.763
Chr10_00205	2	0.025	0.015	0.371	0.590
Chr10_00206	2	0.025	0.014	0.374	0.587
Chr10_00207	0	0.015	0.013	0.499	0.473
Chr10_00208	1	0.024	0.012	0.360	0.604
Chr10_00209	2	0.036	0.018	0.206	0.740
Chr10_00210	0	0.025	0.013	0.312	0.650
Chr10_00211	0	0.025	0.013	0.315	0.647
Chr10_00212	2	0.029	0.015	0.223	0.733
Chr10_00213	0	0.000	0.012	0.378	0.610
Chr10_00214	0	0.000	0.016	0.550	0.434
Chr10_00215	0	0.000	0.015	0.381	0.604
Chr10_00216	0	0.000	0.016	0.569	0.415
Chr10_00217	2	0.000	0.014	0.364	0.622
Chr10_00218	2	0.000	0.014	0.367	0.619
Chr10_00219	0	0.000	0.009	0.509	0.482
Chr10_00220	0	0.000	0.009	0.451	0.541
Chr10_00224	2	0.000	0.016	0.137	0.847
Chr10_00225	2	0.000	0.015	0.141	0.844
Chr10_00226	7	0.000	0.006	0.577	0.418
Chr10_00227	0	0.000	0.010	0.384	0.606
Chr10_00228	4	0.000	0.013	0.189	0.798
Chr10_00229	10	0.000	0.000	0.299	0.701
Chr10_00230	3	0.000	0.017	0.223	0.760
Chr10_00231	1	0.000	0.014	0.199	0.787
Chr10_00232	5	0.000	0.006	0.179	0.815
Chr10_00233	3	0.000	0.007	0.202	0.791
Chr10_00234	0	0.000	0.026	0.889	0.085
Chr10_00235	0	0.000	0.003	0.393	0.603
Chr10_00236	0	0.000	0.016	0.555	0.429
Chr10_00237	4	0.000	0.006	0.583	0.411
Chr10_00238	0	0.000	0.005	0.665	0.331
Chr10_00239	0	0.000	0.004	0.662	0.334
Chr10_00240	0	0.000	0.009	0.503	0.488
Chr10_00241	0	0.000	0.005	0.680	0.315
Chr10_00242	0	0.000	0.004	0.697	0.299
Chr10_00243	0	0.000	0.004	0.707	0.289
Chr10_00244	0	0.000	0.004	0.680	0.316
Chr10_00245	0	0.000	0.004	0.710	0.286
Chr10_00246	0	0.000	0.005	0.695	0.300
Chr10_00247	9	0.000	0.000	0.618	0.382
Chr10_00248	0	0.000	0.005	0.708	0.287
Chr10_00249	0	0.000	0.005	0.708	0.287
Chr10_00250	0	0.000	0.004	0.680	0.316
Chr10_00251	0	0.000	0.004	0.893	0.103
Chr10_00252	0	0.000	0.003	0.828	0.169
Chr10_00253	0	0.010	0.003	0.810	0.177
Chr10_00254	0	0.013	0.004	0.770	0.212
Chr10_00255	0	0.012	0.005	0.754	0.229
Chr10_00256	0	0.010	0.005	0.822	0.164
Chr10_00257	5	0.014	0.007	0.704	0.275
Chr10_00258	0	0.010	0.000	0.833	0.157
Chr10_00259	0	0.451	0.022	0.528	0.000
Chr10_00260	0	0.448	0.023	0.529	0.000
Chr10_00261	0	0.448	0.023	0.529	0.000
Chr10_00262	0	0.424	0.077	0.500	0.000
Chr10_00263	0	0.428	0.077	0.494	0.000
Chr10_00264	0	0.424	0.080	0.496	0.000
Chr10_00265	0	0.454	0.023	0.523	0.000
Chr10_00266	0	0.000	0.000	1.000	0.000
Chr10_00267	0	0.000	0.000	1.000	0.000
Chr10_00268	0	0.000	0.000	1.000	0.000
Chr10_00269	0	0.000	0.000	0.987	0.013
Chr10_00270	0	0.000	0.000	1.000	0.000
Chr10_00271	0	0.000	0.000	1.000	0.000
Chr10_00272	8	0.000	0.000	0.755	0.245
Chr10_00273	3	0.000	0.002	0.711	0.286
Chr10_00274	0	0.000	0.004	0.936	0.060
Chr10_00275	6	0.000	0.010	0.828	0.162
Chr10_00276	3	0.000	0.002	0.686	0.312
Chr10_00277	3	0.000	0.001	0.709	0.290
Chr10_00278	3	0.000	0.050	0.675	0.275
Chr10_00279	3	0.000	0.059	0.649	0.292
Chr10_00280	4	0.000	0.076	0.611	0.313
Chr10_00281	0	0.000	0.042	0.706	0.252
Chr10_00282	0	0.000	0.061	0.694	0.245
Chr10_00283	0	0.000	0.052	0.728	0.220
Chr10_00284	0	0.000	0.037	0.739	0.224
Chr10_00285	0	0.117	0.030	0.650	0.203
Chr10_00286	4	0.196	0.001	0.618	0.185
Chr10_00287	0	0.101	0.001	0.689	0.209
Chr10_00288	0	0.104	0.001	0.702	0.194
Chr10_00289	0	0.103	0.001	0.703	0.193
Chr10_00290	0	0.103	0.001	0.705	0.191
Chr10_00291	0	0.104	0.001	0.690	0.205
Chr10_00292	0	0.111	0.001	0.734	0.155
Chr10_00293	0	0.114	0.001	0.733	0.152
Chr10_00294	0	0.111	0.001	0.734	0.155
Chr10_00295	0	0.014	0.000	0.826	0.160
Chr10_00296	0	0.062	0.000	0.806	0.133
Chr10_00297	0	0.114	0.001	0.754	0.131
Chr10_00298	0	0.105	0.001	0.743	0.151
Chr10_00299	5	0.269	0.001	0.649	0.081
Chr10_00300	0	0.023	0.008	0.456	0.513
Chr10_00301	4	0.282	0.003	0.635	0.080
Chr10_00302	9	0.285	0.003	0.638	0.074
Chr10_00303	0	0.020	0.032	0.427	0.522
Chr10_00304	6	0.000	0.002	0.815	0.184
Chr10_00305	6	0.000	0.000	0.759	0.241
Chr10_00306	5	0.000	0.002	0.753	0.245
Chr10_00307	7	0.000	0.005	0.765	0.230
Chr10_00308	6	0.000	0.006	0.762	0.232
Chr10_00309	6	0.000	0.006	0.759	0.234
Chr10_00310	-	0	0	0	0
Chr10_00311	7	0.000	0.002	0.785	0.213
Chr10_00312	9	0.000	0.005	0.744	0.251
Chr10_00313	0	0.018	0.031	0.445	0.506
Chr10_00314	6	0.000	0.005	0.761	0.235
Chr10_00315	6	0.000	0.006	0.757	0.237
Chr10_00316	0	0.010	0.012	0.473	0.505
Chr10_00317	7	0.000	0.005	0.753	0.242
Chr10_00318	6	0.000	0.006	0.757	0.237
Chr10_00322	0	0.019	0.030	0.445	0.506
Chr10_00323	0	0.273	0.139	0.306	0.281
Chr10_00324	1	0.005	0.586	0.296	0.112
Chr10_00333	4	0.645	0.058	0.220	0.076
Chr10_00334	0	0.013	0.027	0.501	0.459
Chr10_00335	6	0.000	0.006	0.755	0.239
Chr10_00336	0	0.297	0.042	0.345	0.317
Chr10_00337	7	0.000	0.006	0.755	0.239
Chr10_00338	0	0.016	0.030	0.447	0.507
Chr10_00339	7	0.219	0.011	0.582	0.187
Chr10_00340	6	0.000	0.005	0.756	0.239
Chr10_00341	6	0.000	0.005	0.761	0.235
Chr10_00342	6	0.000	0.005	0.761	0.235
Chr10_00343	7	0.000	0.005	0.760	0.235
Chr10_00344	6	0.000	0.006	0.764	0.230
Chr10_00345	10	0.000	0.007	0.756	0.237
Chr10_00346	6	0.000	0.005	0.763	0.232
Chr10_00347	6	0.000	0.008	0.763	0.229
Chr10_00348	17	0.000	0.006	0.796	0.198
Chr10_00349	6	0.000	0.043	0.740	0.217
Chr10_00350	5	0.000	0.005	0.765	0.230
Chr10_00351	9	0.000	0.007	0.796	0.197
Chr10_00352	0	0.000	0.002	0.833	0.165
Chr10_00353	0	0.000	0.002	0.841	0.157
Chr10_00354	0	0.000	0.003	0.840	0.158
Chr10_00355	0	0.000	0.002	0.843	0.155
Chr10_00357	0	0.000	0.002	0.826	0.172
Chr10_00358	0	0.000	0.002	0.843	0.155
Chr10_00359	0	0.000	0.003	0.841	0.156
Chr10_00360	0	0.000	0.003	0.827	0.171
Chr10_00361	0	0.000	0.002	0.828	0.170
Chr10_00362	0	0.000	0.003	0.823	0.173
Chr10_00363	0	0.000	0.003	0.840	0.158
Chr10_00364	0	0.000	0.002	0.840	0.158
Chr10_00365	0	0.000	0.002	0.842	0.156
Chr10_00366	0	0.000	0.002	0.841	0.157
Chr10_00367	0	0.000	0.002	0.839	0.159
Chr10_00368	0	0.000	0.002	0.843	0.155
Chr10_00369	0	0.000	0.003	0.834	0.163
Chr10_00370	0	0.000	0.004	0.861	0.134
Chr10_00371	0	0.221	0.236	0.234	0.310
Chr10_00373	0	0.183	0.118	0.501	0.198
Chr10_00374	0	0.000	0.006	0.876	0.118
Chr10_00375	0	0.000	0.001	0.872	0.127
Chr10_00376	0	0.000	0.005	0.854	0.142
Chr10_00377	0	0.000	0.003	0.857	0.141
Chr10_00378	0	0.000	0.002	0.857	0.141
Chr10_00379	0	0.000	0.002	0.860	0.138
Chr10_00380	0	0.000	0.003	0.860	0.137
Chr10_00381	0	0.000	0.003	0.860	0.137
Chr10_00382	0	0.089	0.004	0.782	0.125
Chr10_00383	0	0.159	0.012	0.722	0.108
Chr10_00384	0	0.078	0.006	0.771	0.145
Chr10_00385	0	0.079	0.006	0.768	0.147
Chr10_00387	0	0.063	0.007	0.808	0.122
Chr10_00388	0	0.275	0.317	0.307	0.100
Chr10_00389	0	0.000	0.002	0.881	0.117
Chr10_00390	0	0.139	0.212	0.327	0.322
Chr10_00392	0	0.161	0.153	0.579	0.106
Chr10_00393	0	0.072	0.007	0.761	0.160
Chr10_00394	0	0.072	0.006	0.764	0.158
Chr10_00395	0	0.073	0.007	0.772	0.148
Chr10_00396	0	0.046	0.007	0.797	0.150
Chr10_00397	0	0.000	0.000	0.917	0.083
Chr10_00398	0	0.061	0.004	0.775	0.160
Chr10_00399	0	0.059	0.004	0.797	0.140
Chr10_00400	0	0.059	0.007	0.780	0.154
Chr10_00401	0	0.059	0.007	0.780	0.153
Chr10_00402	0	0.060	0.007	0.779	0.154
Chr10_00403	0	0.057	0.008	0.789	0.146
Chr10_00404	0	0.065	0.009	0.759	0.167
Chr10_00405	0	0.063	0.008	0.769	0.160
Chr10_00406	0	0.063	0.009	0.764	0.164
Chr10_00407	0	0.064	0.010	0.762	0.165
Chr10_00408	0	0.066	0.008	0.759	0.167
Chr10_00419	0	0.067	0.010	0.881	0.042
Chr10_00421	0	0.072	0.008	0.775	0.146
Chr10_00422	0	0.071	0.008	0.793	0.128
Chr10_00423	12	0.000	0.000	0.788	0.212
Chr10_00424	0	0.050	0.006	0.822	0.122
Chr10_00425	10	0.000	0.004	0.845	0.151
Chr10_00426	0	0.058	0.007	0.801	0.135
Chr10_00427	0	0.054	0.007	0.811	0.128
Chr10_00428	10	0.000	0.003	0.864	0.133
Chr10_00429	14	0.000	0.004	0.824	0.172
Chr10_00431	10	0.000	0.006	0.759	0.234
Chr10_00432	10	0.068	0.015	0.814	0.103
Chr10_00433	0	0.000	0.003	0.880	0.117
Chr10_00434	0	0.000	0.002	0.867	0.131
Chr10_00435	0	0.000	0.003	0.869	0.128
Chr10_00438	0	0.394	0.284	0.264	0.058
Chr10_00439	0	0.000	0.000	0.867	0.133
Chr10_00440	0	0.000	0.003	0.865	0.132
Chr10_00441	9	0.000	0.003	0.885	0.111
Chr10_00443	0	0.000	0.003	0.861	0.136
Chr10_00444	18	0.000	0.000	0.730	0.270
Chr10_00445	0	0.000	0.003	0.881	0.116
Chr10_00446	0	0.000	0.003	0.861	0.135
Chr10_00447	0	0.000	0.003	0.882	0.115
Chr10_00448	0	0.000	0.003	0.881	0.116
Chr10_00449	0	0.000	0.003	0.891	0.106
Chr10_00450	8	0.000	0.445	0.555	0.000
Chr10_00451	9	0.175	0.035	0.590	0.200
Chr10_00452	0	0.000	0.003	0.895	0.102
Chr10_00453	9	0.000	0.000	0.242	0.758
Chr10_00454	0	0.000	0.003	0.894	0.104
Chr10_00455	0	0.000	0.002	0.865	0.132
Chr10_00456	12	0.000	0.005	0.332	0.663
Chr10_00457	0	0.000	0.003	0.893	0.105
Chr10_00458	12	0.000	0.000	0.378	0.622
Chr10_00459	11	0.095	0.016	0.672	0.217
Chr10_00460	0	0.000	0.003	0.893	0.105
Chr10_00461	0	0.000	0.003	0.894	0.104
Chr10_00462	9	0.044	0.010	0.642	0.303
Chr10_00463	8	0.089	0.020	0.689	0.202
Chr10_00464	11	0.057	0.013	0.801	0.129
Chr10_00465	9	0.056	0.013	0.792	0.139
Chr10_00466	0	0.000	0.005	0.995	0.000
Chr10_00467	0	0.000	0.002	0.932	0.067
Chr10_00468	4	0.000	0.003	0.787	0.209
Chr10_00469	0	0.000	0.003	0.549	0.449
Chr10_00470	0	0.000	0.003	0.556	0.441
Chr10_00471	0	0.023	0.012	0.814	0.151
Chr10_00472	0	0.000	0.000	0.949	0.051
Chr10_00473	10	0.076	0.013	0.911	0.000
Chr10_00474	0	0.000	0.000	0.949	0.051
Chr10_00475	5	0.000	0.025	0.016	0.958
Chr10_00476	0	0.000	0.000	0.938	0.062
Chr10_00477	0	0.000	0.010	0.510	0.480
Chr10_00478	0	0.000	0.010	0.511	0.479
Chr10_00479	0	0.000	0.003	0.699	0.298
Chr10_00480	0	0.000	0.010	0.515	0.474
Chr10_00483	0	0.000	0.011	0.510	0.479
Chr10_00484	0	0.000	0.011	0.509	0.480
Chr10_00485	0	0.000	0.010	0.510	0.480
Chr10_00486	0	0.000	0.011	0.508	0.482
Chr10_00487	0	0.000	0.010	0.508	0.482
Chr10_00488	0	0.000	0.011	0.506	0.483
Chr10_00489	0	0.000	0.010	0.507	0.483
Chr10_00491	0	0.000	0.010	0.510	0.480
Chr10_00492	0	0.000	0.010	0.505	0.485
Chr10_00493	0	0.000	0.010	0.502	0.488
Chr10_00494	0	0.000	0.011	0.506	0.483
Chr10_00495	0	0.000	0.010	0.511	0.479
Chr10_00496	0	0.000	0.011	0.507	0.482
Chr10_00497	0	0.017	0.013	0.506	0.463
Chr10_00498	0	0.017	0.013	0.511	0.459
Chr10_00499	0	0.009	0.013	0.509	0.469
Chr10_00501	0	0.000	0.005	0.579	0.417
Chr10_00504	0	0.000	0.011	0.509	0.480
Chr10_00506	0	0.009	0.007	0.519	0.466
Chr10_00507	0	0.000	0.001	0.537	0.462
Chr10_00514	0	0.005	0.003	0.554	0.438
Chr10_00515	0	0.000	0.000	0.813	0.187
Chr10_00516	0	0.000	0.011	0.510	0.479
Chr10_00517	0	0.000	0.010	0.513	0.477
Chr10_00518	0	0.000	0.010	0.505	0.484
Chr10_00519	0	0.000	0.010	0.509	0.481
Chr10_00520	0	0.000	0.010	0.507	0.483
Chr10_00521	4	0.000	0.021	0.027	0.952
Chr10_00522	0	0.000	0.010	0.515	0.475
Chr10_00523	0	0.000	0.003	0.700	0.297
Chr10_00524	0	0.000	0.011	0.509	0.480
Chr10_00525	0	0.000	0.012	0.512	0.477
Chr10_00526	0	0.000	0.011	0.507	0.482
Chr10_00527	0	0.000	0.010	0.503	0.487
Chr10_00528	0	0.000	0.010	0.501	0.488
Chr10_00529	0	0.000	0.008	0.578	0.414
Chr10_00530	0	0.000	0.012	0.501	0.487
Chr10_00531	4	0.000	0.020	0.028	0.951
Chr10_00532	0	0.000	0.009	0.527	0.464
Chr10_00533	0	0.005	0.009	0.514	0.473
Chr10_00534	3	0.000	0.021	0.022	0.957
Chr10_00535	0	0.000	0.008	0.589	0.403
Chr10_00536	0	0.000	0.008	0.589	0.403
Chr10_00537	0	0.000	0.008	0.517	0.475
Chr10_00538	0	0.000	0.009	0.524	0.467
Chr10_00539	0	0.000	0.009	0.521	0.471
Chr10_00541	0	0.000	0.009	0.529	0.462
Chr10_00542	0	0.000	0.010	0.517	0.473
Chr10_00543	0	0.000	0.010	0.524	0.466
Chr10_00544	0	0.000	0.010	0.523	0.468
Chr10_00545	0	0.000	0.011	0.524	0.465
Chr10_00546	0	0.000	0.010	0.520	0.469
Chr10_00547	0	0.000	0.010	0.528	0.463
Chr10_00548	0	0.000	0.010	0.528	0.462
Chr10_00549	0	0.000	0.010	0.527	0.464
Chr10_00550	0	0.000	0.010	0.532	0.458
Chr10_00557	0	0.000	0.010	0.533	0.456
Chr10_00558	0	0.000	0.010	0.523	0.467
Chr10_00559	0	0.000	0.010	0.540	0.450
Chr10_00560	0	0.000	0.010	0.534	0.455
Chr10_00561	0	0.000	0.023	0.183	0.794
Chr10_00562	0	0.000	0.010	0.542	0.448
Chr10_00563	0	0.000	0.011	0.540	0.449
Chr10_00564	0	0.000	0.011	0.541	0.449
Chr10_00565	0	0.000	0.009	0.519	0.472
Chr10_00566	0	0.000	0.008	0.524	0.467
Chr10_00567	0	0.000	0.008	0.493	0.499
Chr10_00568	0	0.000	0.024	0.487	0.488
Chr10_00569	0	0.000	0.133	0.416	0.451
Chr10_00570	0	0.000	0.024	0.482	0.494
Chr10_00571	0	0.000	0.132	0.401	0.467
Chr10_00572	0	0.000	0.024	0.492	0.484
Chr10_00573	0	0.000	0.023	0.493	0.484
Chr10_00574	0	0.000	0.024	0.490	0.486
Chr10_00575	0	0.000	0.023	0.488	0.488
Chr10_00576	0	0.000	0.027	0.714	0.259
Chr10_00577	0	0.000	0.023	0.487	0.490
Chr10_00578	0	0.000	0.023	0.471	0.506
Chr10_00579	0	0.000	0.022	0.501	0.477
Chr10_00580	0	0.000	0.022	0.499	0.479
Chr10_00581	0	0.000	0.022	0.502	0.476
Chr10_00582	3	0.000	0.050	0.199	0.751
Chr10_00583	0	0.000	0.003	0.778	0.219
Chr10_00584	8	0.000	0.028	0.954	0.018
Chr10_00586	0	0.000	0.003	0.754	0.242
Chr10_00587	0	0.000	0.003	0.784	0.213
Chr10_00588	0	0.000	0.004	0.746	0.250
Chr10_00589	8	0.026	0.012	0.710	0.252
Chr10_00590	7	0.000	0.008	0.982	0.010
Chr10_00591	7	0.000	0.004	0.767	0.229
Chr10_00592	9	0.000	0.008	0.977	0.015
Chr10_00593	8	0.000	0.013	0.971	0.016
Chr10_00594	2	0.010	0.363	0.400	0.226
Chr10_00596	0	0.000	0.000	0.795	0.205
Chr10_00600	7	0.000	0.023	0.968	0.009
Chr10_00601	8	0.000	0.023	0.968	0.009
Chr10_00602	7	0.000	0.003	0.997	0.000
Chr10_00603	0	0.000	0.003	0.734	0.263
Chr10_00605	0	0.000	0.007	0.796	0.196
Chr10_00606	0	0.000	0.007	0.800	0.193
Chr10_00607	7	0.000	0.023	0.968	0.009
Chr10_00608	9	0.000	0.000	1.000	0.000
Chr10_00609	16	0.000	0.000	0.902	0.098
Chr10_00610	10	0.000	0.000	0.899	0.101
Chr10_00611	8	0.000	0.000	0.928	0.072
Chr10_00612	5	0.000	0.012	0.248	0.740
Chr10_00613	13	0.000	0.000	0.899	0.101
Chr10_00614	4	0.014	0.446	0.030	0.510
Chr10_00615	8	0.000	0.038	0.882	0.080
Chr10_00616	-	0	0	0	0
Chr10_00617	9	0.000	0.005	0.995	0.000
Chr10_00618	0	0.000	0.010	0.617	0.373
Chr10_00619	0	0.000	0.003	0.754	0.243
Chr10_00620	1	0.034	0.779	0.080	0.108
Chr10_00621	7	0.000	0.027	0.938	0.036
Chr10_00623	12	0.000	0.000	0.933	0.067
Chr10_00624	8	0.000	0.005	0.947	0.048
Chr10_00625	0	0.000	0.003	0.748	0.249
Chr10_00626	0	0.000	0.006	0.745	0.248
Chr10_00627	6	0.970	0.024	0.000	0.006
Chr10_00628	7	0.000	0.037	0.200	0.763
Chr10_00629	0	0.000	0.006	0.739	0.255
Chr10_00630	6	0.000	0.027	0.433	0.540
Chr10_00631	8	0.000	0.015	0.391	0.594
Chr10_00633	1	0.316	0.304	0.138	0.242
Chr10_00634	0	0.000	0.006	0.716	0.278
Chr10_00635	7	0.000	0.019	0.020	0.960
Chr10_00636	8	0.000	0.032	0.259	0.709
Chr10_00637	7	0.000	0.012	0.257	0.731
Chr10_00638	0	0.000	0.007	0.715	0.278
Chr10_00639	0	0.008	0.270	0.565	0.158
Chr10_00640	5	0.970	0.024	0.000	0.006
Chr10_00642	0	0.000	0.005	0.771	0.224
Chr10_00643	11	0.000	0.000	0.943	0.057
Chr10_00644	3	0.013	0.704	0.171	0.112
Chr10_00645	1	0.024	0.360	0.125	0.491
Chr10_00648	7	0.000	0.012	0.261	0.726
Chr10_00649	8	0.000	0.000	0.962	0.038
Chr10_00650	0	0.000	0.007	0.711	0.282
Chr10_00651	15	0.000	0.000	0.961	0.039
Chr10_00652	9	0.000	0.000	0.962	0.038
Chr10_00653	8	0.000	0.000	0.962	0.038
Chr10_00654	8	0.000	0.002	0.971	0.027
Chr10_00655	0	0.000	0.007	0.696	0.297
Chr10_00656	9	0.000	0.002	0.972	0.026
Chr10_00657	0	0.000	0.007	0.700	0.293
Chr10_00658	0	0.000	0.006	0.697	0.297
Chr10_00659	-	0	0	0	0
Chr10_00660	0	0.000	0.005	0.752	0.243
Chr10_00663	6	0.000	0.000	0.974	0.026
Chr10_00664	8	0.000	0.000	0.974	0.026
Chr10_00668	0	0.000	0.007	0.771	0.222
Chr10_00669	0	0.000	0.006	0.700	0.293
Chr10_00670	0	0.000	0.006	0.695	0.298
Chr10_00671	0	0.000	0.006	0.698	0.296
Chr10_00672	0	0.000	0.005	0.751	0.244
Chr10_00673	9	0.000	0.000	1.000	0.000
Chr10_00674	4	0.013	0.027	0.397	0.563
Chr10_00675	0	0.000	0.003	0.757	0.239
Chr10_00679	0	0.000	0.006	0.727	0.267
Chr10_00680	3	0.000	0.838	0.151	0.011
Chr10_00681	0	0.271	0.193	0.266	0.270
Chr10_00683	0	0.000	0.007	0.698	0.295
Chr10_00684	0	0.000	0.007	0.698	0.295
Chr10_00685	9	0.000	0.025	0.975	0.000
Chr10_00686	0	0.000	0.006	0.700	0.294
Chr10_00687	0	0.000	0.008	0.665	0.327
Chr10_00688	0	0.000	0.006	0.699	0.295
Chr10_00689	2	0.040	0.350	0.211	0.400
Chr10_00690	8	0.000	0.000	0.965	0.035
Chr10_00691	18	0.000	0.000	0.939	0.061
Chr10_00692	9	0.000	0.011	0.931	0.059
Chr10_00693	9	0.000	0.000	0.975	0.025
Chr10_00694	8	0.000	0.000	0.963	0.037
Chr10_00695	8	0.000	0.004	0.911	0.085
Chr10_00697	8	0.000	0.000	0.904	0.096
Chr10_00698	4	0.000	0.005	0.901	0.094
Chr10_00699	8	0.000	0.000	0.911	0.089
Chr10_00700	12	0.000	0.000	0.918	0.082
Chr10_00701	9	0.000	0.000	0.895	0.105
Chr10_00702	8	0.000	0.007	0.889	0.104
Chr10_00703	3	0.000	0.010	0.504	0.486
Chr10_00704	0	0.313	0.434	0.225	0.027
Chr10_00709	7	0.000	0.125	0.804	0.070
Chr10_00710	8	0.000	0.000	0.911	0.089
Chr10_00711	8	0.000	0.004	0.906	0.090
Chr10_00712	12	0.000	0.031	0.858	0.112
Chr10_00713	0	0.000	0.007	0.706	0.287
Chr10_00714	9	0.000	0.032	0.833	0.135
Chr10_00715	7	0.000	0.000	0.897	0.103
Chr10_00721	7	0.000	0.016	0.894	0.090
Chr10_00722	8	0.000	0.011	0.885	0.104
Chr10_00723	0	0.316	0.214	0.283	0.187
Chr10_00724	8	0.000	0.000	0.893	0.107
Chr10_00725	9	0.000	0.017	0.900	0.083
Chr10_00726	36	0.000	0.023	0.881	0.096
Chr10_00727	10	0.000	0.007	0.896	0.098
Chr10_00728	7	0.000	0.027	0.873	0.100
Chr10_00729	8	0.000	0.027	0.873	0.100
Chr10_00730	9	0.000	0.023	0.878	0.098
Chr10_00731	7	0.000	0.024	0.876	0.100
Chr10_00732	7	0.000	0.021	0.902	0.077
Chr10_00733	7	0.000	0.027	0.873	0.100
Chr10_00734	8	0.000	0.025	0.873	0.102
Chr10_00735	11	0.000	0.000	0.893	0.107
Chr10_00736	0	0.000	0.006	0.693	0.301
Chr10_00737	0	0.000	0.006	0.691	0.303
Chr10_00738	0	0.000	0.006	0.698	0.296
Chr10_00739	7	0.000	0.033	0.861	0.106
Chr10_00740	8	0.000	0.027	0.873	0.100
Chr10_00741	10	0.000	0.000	0.913	0.087
Chr10_00742	10	0.000	0.000	0.914	0.086
Chr10_00743	12	0.000	0.002	0.913	0.085
Chr10_00744	7	0.000	0.002	0.910	0.088
Chr10_00745	7	0.000	0.000	0.912	0.088
Chr10_00746	10	0.000	0.000	0.916	0.084
Chr10_00747	19	0.000	0.002	0.916	0.081
Chr10_00748	8	0.000	0.002	0.910	0.088
Chr10_00749	8	0.000	0.017	0.896	0.086
Chr10_00750	9	0.000	0.000	0.913	0.087
Chr10_00751	8	0.000	0.002	0.915	0.083
Chr10_00752	9	0.000	0.004	0.909	0.086
Chr10_00753	10	0.000	0.003	0.900	0.098
Chr10_00754	7	0.000	0.000	0.911	0.089
Chr10_00755	11	0.000	0.000	0.965	0.035
Chr10_00756	8	0.000	0.002	0.913	0.085
Chr10_00757	10	0.000	0.002	0.911	0.087
Chr10_00758	8	0.000	0.004	0.909	0.086
Chr10_00759	11	0.000	0.002	0.915	0.083
Chr10_00760	4	0.000	0.014	0.482	0.504
Chr10_00761	7	0.000	0.000	0.915	0.085
Chr10_00762	13	0.000	0.002	0.917	0.080
Chr10_00763	9	0.000	0.000	0.912	0.088
Chr10_00764	11	0.000	0.006	0.910	0.084
Chr10_00765	8	0.000	0.006	0.910	0.084
Chr10_00766	9	0.000	0.007	0.905	0.088
Chr10_00767	10	0.000	0.000	0.913	0.087
Chr10_00768	8	0.000	0.007	0.906	0.087
Chr10_00769	8	0.000	0.006	0.907	0.086
Chr10_00770	12	0.000	0.003	0.960	0.037
Chr10_00771	7	0.000	0.004	0.908	0.087
Chr10_00775	8	0.000	0.005	0.913	0.082
Chr10_00776	11	0.000	0.010	0.955	0.035
Chr10_00777	9	0.000	0.006	0.909	0.085
Chr10_00778	8	0.000	0.006	0.907	0.086
Chr10_00779	0	0.000	0.007	0.688	0.305
Chr10_00780	9	0.000	0.002	0.911	0.087
Chr10_00781	9	0.000	0.006	0.959	0.034
Chr10_00782	9	0.000	0.000	0.923	0.077
Chr10_00783	7	0.000	0.040	0.830	0.130
Chr10_00789	0	0.142	0.197	0.316	0.344
Chr10_00791	0	0.000	0.006	0.684	0.310
Chr10_00792	0	0.000	0.006	0.684	0.310
Chr10_00793	0	0.000	0.006	0.676	0.318
Chr10_00794	0	0.000	0.006	0.681	0.313
Chr10_00795	4	0.000	0.017	0.490	0.493
Chr10_00796	3	0.000	0.018	0.400	0.582
Chr10_00797	0	0.000	0.007	0.732	0.261
Chr10_00798	8	0.000	0.004	0.914	0.081
Chr10_00799	9	0.000	0.006	0.909	0.085
Chr10_00800	8	0.000	0.003	0.985	0.012
Chr10_00801	0	0.000	0.006	0.687	0.307
Chr10_00802	0	0.260	0.291	0.245	0.204
Chr10_00803	0	0.075	0.062	0.444	0.419
Chr10_00804	0	0.084	0.223	0.348	0.345
Chr10_00805	0	0.112	0.118	0.374	0.396
Chr10_00806	0	0.092	0.010	0.461	0.437
Chr10_00807	0	0.000	0.006	0.686	0.308
Chr10_00808	0	0.000	0.006	0.684	0.310
Chr10_00809	0	0.000	0.079	0.308	0.614
Chr10_00810	0	0.000	0.006	0.686	0.308
Chr10_00817	0	0.447	0.163	0.148	0.242
Chr10_00818	7	0.000	0.008	0.908	0.084
Chr10_00819	8	0.000	0.004	0.911	0.085
Chr10_00820	0	0.000	0.010	0.495	0.495
Chr10_00821	40	0.000	0.007	0.912	0.081
Chr10_00822	10	0.000	0.004	0.907	0.089
Chr10_00823	3	0.000	0.016	0.489	0.496
Chr10_00826	9	0.000	0.002	0.914	0.084
Chr10_00827	10	0.000	0.009	0.906	0.086
Chr10_00828	8	0.000	0.000	0.918	0.082
Chr10_00829	9	0.000	0.004	0.909	0.086
Chr10_00830	8	0.000	0.007	0.906	0.087
Chr10_00831	8	0.000	0.002	0.919	0.079
Chr10_00832	8	0.000	0.002	0.910	0.088
Chr10_00834	0	0.000	0.006	0.686	0.308
Chr10_00835	6	0.000	0.004	0.908	0.087
Chr10_00836	0	0.000	0.007	0.688	0.305
Chr10_00837	0	0.000	0.008	0.679	0.313
Chr10_00838	0	0.000	0.007	0.685	0.309
Chr10_00840	19	0.000	0.000	0.886	0.114
Chr10_00841	8	0.000	0.002	0.919	0.079
Chr10_00842	9	0.000	0.004	0.911	0.085
Chr10_00843	6	0.000	0.006	0.907	0.086
Chr10_00844	8	0.000	0.004	0.911	0.085
Chr10_00846	11	0.000	0.004	0.912	0.084
Chr10_00847	0	0.000	0.006	0.684	0.310
Chr10_00849	8	0.000	0.000	0.914	0.086
Chr10_00850	9	0.000	0.006	0.909	0.085
Chr10_00851	8	0.000	0.009	0.958	0.033
Chr10_00852	10	0.000	0.003	0.885	0.111
Chr10_00853	11	0.000	0.000	0.916	0.084
Chr10_00854	0	0.000	0.007	0.691	0.302
Chr10_00855	17	0.000	0.006	0.802	0.192
Chr10_00856	8	0.000	0.006	0.910	0.084
Chr10_00857	0	0.000	0.006	0.691	0.303
Chr10_00858	9	0.000	0.002	0.911	0.087
Chr10_00859	9	0.000	0.000	0.917	0.083
Chr10_00860	14	0.000	0.011	0.780	0.208
Chr10_00861	0	0.062	0.483	0.333	0.122
Chr10_00862	0	0.000	0.006	0.686	0.308
Chr10_00863	11	0.000	0.000	0.797	0.203
Chr10_00864	8	0.000	0.000	0.911	0.089
Chr10_00865	8	0.000	0.000	0.921	0.079
Chr10_00866	9	0.000	0.000	0.961	0.039
Chr10_00867	1	0.576	0.025	0.072	0.327
Chr10_00868	14	0.000	0.000	0.924	0.076
Chr10_00869	10	0.000	0.005	0.908	0.087
Chr10_00870	8	0.000	0.004	0.914	0.081
Chr10_00872	8	0.000	0.004	0.914	0.081
Chr10_00875	3	0.000	0.016	0.483	0.501
Chr10_00876	0	0.000	0.000	0.824	0.176
Chr10_00877	8	0.000	0.006	0.902	0.092
Chr10_00878	9	0.000	0.000	0.925	0.075
Chr10_00879	8	0.000	0.000	0.976	0.024
Chr10_00880	8	0.000	0.008	0.908	0.084
Chr10_00881	13	0.000	0.002	0.913	0.085
Chr10_00882	109	0.000	0.004	0.906	0.090
Chr10_00883	0	0.000	0.006	0.694	0.300
Chr10_00884	0	0.000	0.006	0.691	0.303
Chr10_00886	3	0.946	0.024	0.000	0.030
Chr10_00887	11	0.000	0.000	0.921	0.079
Chr10_00888	9	0.000	0.000	0.891	0.109
Chr10_00889	0	0.000	0.006	0.690	0.304
Chr10_00890	12	0.000	0.006	0.802	0.192
Chr10_00891	8	0.000	0.002	0.913	0.085
Chr10_00892	8	0.000	0.004	0.912	0.084
Chr10_00893	9	0.000	0.000	0.881	0.119
Chr10_00894	9	0.000	0.002	0.914	0.084
Chr10_00895	10	0.000	0.002	0.910	0.088
Chr10_00896	8	0.000	0.000	0.911	0.089
Chr10_00897	10	0.000	0.000	0.913	0.087
Chr10_00898	10	0.000	0.000	0.912	0.088
Chr10_00899	10	0.000	0.002	0.914	0.084
Chr10_00900	10	0.000	0.002	0.916	0.081
Chr10_00901	5	0.000	0.023	0.891	0.085
Chr10_00902	9	0.000	0.015	0.900	0.085
Chr10_00903	8	0.000	0.016	0.893	0.091
Chr10_00904	0	0.000	0.009	0.748	0.244
Chr10_00905	166	0.000	0.000	0.916	0.084
Chr10_00906	10	0.000	0.004	0.915	0.080
Chr10_00907	8	0.000	0.017	0.906	0.077
Chr10_00908	8	0.000	0.000	0.918	0.082
Chr10_00909	8	0.000	0.000	0.918	0.082
Chr10_00910	11	0.000	0.003	0.973	0.024
Chr10_00911	8	0.000	0.003	0.973	0.024
Chr10_00912	8	0.000	0.002	0.910	0.088
Chr10_00913	10	0.000	0.004	0.909	0.086
Chr10_00914	14	0.000	0.000	0.887	0.113
Chr10_00915	12	0.000	0.011	0.951	0.038
Chr10_00916	0	0.000	0.006	0.683	0.310
Chr10_00917	18	0.000	0.000	0.782	0.218
Chr10_00918	10	0.000	0.005	0.579	0.415
Chr10_00919	9	0.000	0.000	0.520	0.480
Chr10_00920	8	0.000	0.018	0.609	0.373
Chr10_00921	9	0.000	0.013	0.622	0.365
Chr10_00922	10	0.000	0.005	0.627	0.368
Chr10_00923	10	0.000	0.000	0.595	0.405
Chr10_00925	0	0.000	0.007	0.691	0.302
Chr10_00926	11	0.000	0.000	0.974	0.026
Chr10_00927	11	0.000	0.000	0.568	0.432
Chr10_00928	3	0.000	0.982	0.018	0.000
Chr10_00929	0	0.000	0.007	0.726	0.266
Chr10_00930	9	0.029	0.000	0.718	0.253
Chr10_00931	11	0.000	0.000	0.619	0.381
Chr10_00932	25	0.000	0.000	0.641	0.359
Chr10_00933	12	0.000	0.000	0.630	0.370
Chr10_00934	11	0.000	0.000	0.654	0.346
Chr10_00935	12	0.000	0.006	0.745	0.250
Chr10_00936	7	0.000	0.014	0.300	0.686
Chr10_00937	5	0.000	0.013	0.373	0.614
Chr10_00938	12	0.000	0.004	0.811	0.185
Chr10_00939	13	0.000	0.000	0.082	0.918
Chr10_00940	10	0.000	0.004	0.833	0.163
Chr10_00941	15	0.000	0.004	0.822	0.174
Chr10_00943	0	0.000	0.004	0.775	0.221
Chr10_00944	0	0.000	0.008	0.771	0.221
Chr10_00945	0	0.007	0.016	0.727	0.250
Chr10_00946	1	0.437	0.134	0.162	0.266
Chr10_00947	0	0.000	0.008	0.781	0.211
Chr10_00949	-	0	0	0	0
Chr10_00950	0	0.000	0.007	0.622	0.372
Chr10_00951	0	0.000	0.008	0.779	0.213
Chr10_00952	10	0.000	0.004	0.809	0.187
Chr10_00953	12	0.000	0.004	0.829	0.167
Chr10_00954	10	0.000	0.004	0.833	0.163
Chr10_00955	16	0.000	0.006	0.785	0.209
Chr10_00956	0	0.000	0.007	0.773	0.220
Chr10_00957	0	0.000	0.007	0.771	0.222
Chr10_00958	8	0.000	0.004	0.821	0.175
Chr10_00959	0	0.000	0.009	0.771	0.220
Chr10_00960	8	0.000	0.006	0.582	0.412
Chr10_00961	6	0.000	0.011	0.442	0.546
Chr10_00962	13	0.000	0.004	0.821	0.175
Chr10_00963	5	0.000	0.011	0.437	0.551
Chr10_00964	0	0.000	0.010	0.770	0.220
Chr10_00965	8	0.000	0.007	0.838	0.155
Chr10_00966	0	0.000	0.009	0.772	0.219
Chr10_00967	0	0.000	0.000	0.942	0.058
Chr10_00968	0	0.008	0.008	0.760	0.225
Chr10_00969	0	0.000	0.007	0.770	0.223
Chr10_00970	10	0.000	0.004	0.825	0.171
Chr10_00971	7	0.000	0.004	0.714	0.282
Chr10_00972	13	0.000	0.004	0.933	0.063
Chr10_00973	5	0.000	0.013	0.425	0.562
Chr10_00974	11	0.000	0.004	0.931	0.064
Chr10_00975	12	0.000	0.004	0.935	0.061
Chr10_00976	8	0.000	0.003	0.550	0.447
Chr10_00977	11	0.000	0.004	0.933	0.063
Chr10_00978	12	0.000	0.004	0.944	0.053
Chr10_00979	4	0.000	0.012	0.477	0.511
Chr10_00980	11	0.000	0.079	0.424	0.497
Chr10_00981	4	0.000	0.011	0.513	0.476
Chr10_00982	8	0.000	0.003	0.324	0.672
Chr10_00983	4	0.000	0.011	0.507	0.482
Chr10_00984	9	0.000	0.016	0.297	0.687
Chr10_00985	0	0.000	0.004	0.776	0.220
Chr10_00986	5	0.000	0.012	0.425	0.562
Chr10_00987	10	0.000	0.000	0.989	0.011
Chr10_00988	0	0.300	0.016	0.631	0.053
Chr10_00989	5	0.000	0.012	0.429	0.559
Chr10_00990	5	0.000	0.012	0.390	0.598
Chr10_00991	9	0.000	0.000	0.980	0.020
Chr10_00992	4	0.000	0.013	0.426	0.560
Chr10_00993	10	0.000	0.000	0.965	0.035
Chr10_00994	10	0.000	0.000	0.044	0.956
Chr10_00995	7	0.000	0.018	0.096	0.886
Chr10_00996	8	0.000	0.020	0.125	0.855
Chr10_00997	8	0.000	0.018	0.095	0.887
Chr10_00998	7	0.000	0.018	0.093	0.889
Chr10_00999	37	0.000	0.019	0.097	0.885
Chr10_01000	0	0.008	0.008	0.645	0.339
Chr10_01001	9	0.000	0.018	0.096	0.886
Chr10_01002	1	0.137	0.550	0.014	0.298
Chr10_01003	1	0.396	0.297	0.057	0.250
Chr10_01007	9	0.000	0.019	0.098	0.883
Chr10_01008	7	0.000	0.018	0.096	0.886
Chr10_01009	7	0.000	0.019	0.097	0.885
Chr10_01010	8	0.000	0.014	0.084	0.902
Chr10_01011	7	0.000	0.020	0.087	0.893
Chr10_01012	44	0.000	0.020	0.089	0.891
Chr10_01013	0	0.000	0.003	0.712	0.285
Chr10_01014	0	0.000	0.003	0.734	0.263
Chr10_01015	6	0.000	0.022	0.047	0.931
Chr10_01016	7	0.000	0.020	0.088	0.892
Chr10_01017	6	0.000	0.018	0.091	0.891
Chr10_01018	8	0.000	0.023	0.062	0.915
Chr10_01019	0	0.212	0.161	0.300	0.327
Chr10_01020	5	0.474	0.038	0.050	0.438
Chr10_01021	4	0.466	0.040	0.049	0.445
Chr10_01022	12	0.000	0.041	0.085	0.874
Chr10_01023	4	0.441	0.041	0.062	0.455
Chr10_01025	10	0.000	0.018	0.097	0.885
Chr10_01026	10	0.000	0.021	0.099	0.880
Chr10_01027	0	0.000	0.009	0.586	0.405
Chr10_01028	0	0.004	0.007	0.632	0.356
Chr10_01029	7	0.000	0.026	0.101	0.874
Chr10_01030	7	0.000	0.023	0.103	0.873
Chr10_01031	2	0.000	1.000	0.000	0.000
Chr10_01032	11	0.000	0.026	0.118	0.856
Chr10_01033	1	0.000	0.984	0.012	0.004
Chr10_01034	2	0.029	0.396	0.142	0.433
Chr10_01035	1	0.030	0.401	0.127	0.441
Chr10_01036	6	0.015	0.027	0.209	0.749
Chr10_01037	2	0.018	0.274	0.208	0.501
Chr10_01038	2	0.023	0.318	0.120	0.539
Chr10_01039	3	0.961	0.033	0.000	0.006
Chr10_01040	6	0.000	0.011	0.138	0.851
Chr10_01041	6	0.000	0.038	0.137	0.824
Chr10_01042	-	0	0	0	0
Chr10_01043	9	0.000	0.003	0.521	0.476
Chr10_01044	10	0.000	0.003	0.530	0.467
Chr10_01045	0	0.000	0.013	0.602	0.385
Chr10_01046	7	0.000	0.019	0.504	0.478
Chr10_01047	0	0.000	0.012	0.550	0.438
Chr10_01048	1	0.007	0.972	0.021	0.000
Chr10_01049	1	0.007	0.972	0.021	0.000
Chr10_01050	1	0.007	0.972	0.021	0.000
Chr10_01052	-	0	0	0	0
Chr10_01053	1	0.007	0.974	0.019	0.000
Chr10_01055	0	0.276	0.284	0.179	0.261
Chr10_01056	0	0.000	0.007	0.532	0.461
Chr10_01057	0	0.000	0.007	0.533	0.460
Chr10_01058	0	0.000	0.000	1.000	0.000
Chr10_01059	0	0.000	0.010	0.480	0.510
Chr10_01060	0	0.000	0.010	0.481	0.509
Chr10_01061	0	0.000	0.000	1.000	0.000
Chr10_01062	0	0.000	0.000	1.000	0.000
Chr10_01063	0	0.000	0.010	0.483	0.507
Chr10_01064	0	0.000	0.010	0.464	0.526
Chr10_01065	0	0.000	0.007	0.618	0.374
Chr10_01066	0	0.000	0.014	0.484	0.501
Chr10_01067	0	0.000	0.014	0.484	0.501
Chr10_01068	0	0.000	0.014	0.550	0.436
Chr10_01069	0	0.000	0.013	0.570	0.417
Chr10_01070	0	0.000	0.014	0.562	0.425
Chr10_01071	0	0.000	0.013	0.916	0.071
Chr10_01072	0	0.000	0.015	0.572	0.413
Chr10_01073	0	0.000	0.017	0.616	0.367
Chr10_01074	0	0.000	0.020	0.826	0.153
Chr10_01075	0	0.000	0.002	0.876	0.122
Chr10_01076	0	0.000	0.002	0.865	0.133
Chr10_01077	0	0.000	0.002	0.870	0.128
Chr10_01078	0	0.000	0.002	0.859	0.139
Chr10_01086	0	0.472	0.501	0.021	0.006
Chr10_01091	0	0.480	0.491	0.022	0.007
Chr10_01092	0	0.000	0.000	0.842	0.158
Chr10_01093	0	0.000	0.016	0.830	0.154
Chr10_01094	0	0.000	0.017	0.831	0.152
Chr10_01095	0	0.000	0.017	0.834	0.148
Chr10_01096	0	0.000	0.014	0.782	0.203
Chr10_01097	0	0.000	0.015	0.773	0.213
Chr10_01098	0	0.000	0.002	0.758	0.240
Chr10_01099	0	0.000	0.012	0.809	0.179
Chr10_01100	0	0.000	0.014	0.778	0.207
Chr10_01101	0	0.000	0.000	0.928	0.072
Chr10_01102	0	0.000	0.012	0.750	0.239
Chr10_01103	0	0.000	0.012	0.750	0.238
Chr10_01104	0	0.000	0.010	0.748	0.241
Chr10_01105	0	0.000	0.013	0.738	0.249
Chr10_01106	0	0.000	0.011	0.753	0.237
Chr10_01107	0	0.000	0.014	0.709	0.277
Chr10_01108	0	0.000	0.011	0.766	0.224
Chr10_01109	0	0.000	0.011	0.762	0.227
Chr10_01110	0	0.000	0.011	0.810	0.179
Chr10_01111	0	0.000	0.011	0.770	0.219
Chr10_01112	0	0.000	0.011	0.771	0.218
Chr10_01113	0	0.000	0.011	0.787	0.202
Chr10_01114	0	0.006	0.011	0.783	0.200
Chr10_01115	0	0.000	0.012	0.782	0.207
Chr10_01116	13	0.000	0.144	0.794	0.062
Chr10_01117	0	0.000	0.011	0.782	0.207
Chr10_01118	8	0.000	0.000	0.358	0.642
Chr10_01119	0	0.000	0.000	0.993	0.007
Chr10_01120	11	0.000	0.000	0.106	0.894
Chr10_01121	7	0.000	0.422	0.578	0.000
Chr10_01122	0	0.000	0.001	0.993	0.006
Chr10_01123	0	0.000	0.001	0.993	0.006
Chr10_01124	0	0.000	0.001	0.993	0.006
Chr10_01125	2	0.000	0.983	0.000	0.017
Chr10_01126	1	0.000	0.978	0.000	0.022
Chr10_01127	0	0.000	0.001	0.886	0.113
Chr10_01128	0	0.000	0.000	0.997	0.003
Chr10_01129	1	0.000	0.978	0.000	0.022
Chr10_01130	0	0.000	0.001	0.996	0.003
Chr10_01131	0	0.000	0.001	0.996	0.003
Chr10_01132	0	0.000	0.001	0.996	0.003
Chr10_01133	0	0.000	0.003	0.993	0.003
Chr10_01135	0	0.000	0.004	0.993	0.003
Chr10_01136	0	0.000	0.001	0.992	0.007
Chr10_01137	3	0.000	0.697	0.088	0.216
Chr10_01138	8	0.000	0.897	0.065	0.038
Chr10_01139	8	0.000	0.770	0.192	0.038
Chr10_01140	8	0.000	0.663	0.282	0.055
Chr10_01141	0	0.000	0.004	0.996	0.000
Chr10_01148	0	0.000	0.031	0.966	0.003
Chr10_01150	0	0.000	0.191	0.809	0.000
Chr10_01153	0	0.000	0.233	0.765	0.002
Chr10_01154	0	0.000	0.004	0.996	0.000
Chr10_01155	0	0.000	0.004	0.996	0.000
Chr10_01156	0	0.000	0.003	0.997	0.000
Chr10_01157	0	0.000	0.003	0.997	0.000
Chr10_01158	0	0.000	0.003	0.997	0.000
Chr10_01159	0	0.000	0.003	0.993	0.003
Chr10_01160	0	0.000	0.003	0.993	0.003
Chr10_01161	0	0.000	0.004	0.993	0.003
Chr10_01162	0	0.000	0.001	0.995	0.004
Chr10_01163	0	0.000	0.001	0.934	0.065
Chr10_01164	0	0.000	0.001	0.932	0.067
Chr10_01165	0	0.000	0.001	0.921	0.078
Chr10_01166	0	0.000	0.001	0.917	0.082
Chr10_01167	11	0.000	0.008	0.252	0.740
Chr10_01168	0	0.000	0.001	0.732	0.267
Chr10_01169	5	0.000	0.003	0.397	0.600
Chr10_01170	0	0.000	0.001	0.738	0.261
Chr10_01171	0	0.000	0.001	0.757	0.243
Chr10_01172	0	0.000	0.001	0.758	0.241
Chr10_01173	0	0.000	0.001	0.759	0.240
Chr10_01174	0	0.000	0.001	0.753	0.246
Chr10_01175	0	0.000	0.001	0.745	0.254
Chr10_01176	0	0.000	0.001	0.731	0.268
Chr10_01177	0	0.000	0.001	0.720	0.279
Chr10_01178	6	0.000	0.000	0.607	0.393
Chr10_01179	0	0.000	0.000	0.627	0.373
Chr10_01180	7	0.000	0.000	0.135	0.865
Chr10_01181	0	0.000	0.000	0.616	0.384
Chr10_01182	6	0.000	0.000	0.133	0.867
Chr10_01183	0	0.000	0.000	0.617	0.383
Chr10_01184	6	0.000	0.002	0.132	0.866
Chr10_01185	0	0.000	0.000	0.607	0.393
Chr10_01186	0	0.000	0.000	0.623	0.377
Chr10_01187	0	0.000	0.000	0.726	0.274
Chr10_01188	0	0.000	0.003	0.723	0.273
Chr10_01189	0	0.000	0.000	0.730	0.270
Chr10_01190	0	0.000	0.000	0.727	0.272
Chr10_01191	0	0.000	0.001	0.726	0.273
Chr10_01192	0	0.000	0.000	0.725	0.274
Chr10_01193	0	0.000	0.001	0.961	0.039
Chr10_01194	0	0.000	0.000	0.714	0.286
Chr10_01195	0	0.000	0.000	0.718	0.281
Chr10_01196	0	0.000	0.000	0.715	0.285
Chr10_01197	0	0.000	0.000	0.714	0.286
Chr10_01198	0	0.000	0.000	0.716	0.284
Chr10_01199	0	0.000	0.001	0.967	0.032
Chr10_01200	0	0.000	0.000	0.707	0.292
Chr10_01201	0	0.000	0.001	0.978	0.021
Chr10_01202	0	0.004	0.000	0.705	0.290
Chr10_01203	0	0.004	0.002	0.622	0.372
Chr10_01204	0	0.003	0.002	0.599	0.396
Chr10_01205	0	0.003	0.002	0.578	0.417
Chr10_01206	6	0.000	0.002	0.949	0.049
Chr10_01207	3	0.004	0.002	0.427	0.567
Chr10_01208	0	0.005	0.001	0.841	0.152
Chr10_01209	0	0.004	0.001	0.626	0.369
Chr10_01210	8	0.000	0.002	0.955	0.043
Chr10_01211	0	0.003	0.002	0.543	0.453
Chr10_01212	2	0.004	0.003	0.394	0.600
